210
5003 10
31104 64002 80586 29901 83186 25332 22741 17526 97303 76284
1224 11
46850 7351 56486 16614 61704 70152 70091 625 45202 23191 40119
9218 11
71906 68963 23172 50339 41448 24201 89612 8590 70639 27311 35538
9265 10
48707 33897 58858 68331 82736 67953 33298 53397 24823 91487
2760 13
27297 64610 16929 26113 85851 64077 30126 89490 78645 93269 78331 57304 36859
3050 15
17096 57053 55851 77035 20139 41617 7507 20053 89911 80440 69020 14042 63291 50044 31709
9243 12
83456 83845 27334 58247 18699 52460 76302 8337 3924 49558 37978 21694
7990 11
85600 77378 35875 31814 80523 73836 87856 9040 57971 10398 13950
805 13
47300 50852 50790 87849 27115 72013 77582 63022 97775 11921 75569 44657 94485
9538 10
46560 5986 63939 95449 35462 5671 72941 38607 59350 87417
4733 13
1952 25003 9902 88175 96083 86421 96822 70198 47574 77531 53495 47422 35775
4328 12
50464 32738 32514 80295 96328 91145 46735 90095 26673 64915 68827 38589
9692 17
95232 59362 38246 89000 53196 6893 4046 44492 94674 17138 70740 10196 45235 90107 49181 12574 991
4405 12
17185 72070 18280 68265 35607 54478 51919 37134 70897 21589 89527 15673
4692 10
94976 23617 95390 63598 82065 98615 99451 55004 94045 73086
6152 14
3713 71362 16806 5991 23049 71306 94538 6315 75597 33034 14160 24180 28053 6747
9386 13
4288 60607 41539 32870 93735 41193 69034 24106 13613 12559 26066 88092 37279
8407 17
58976 71975 61032 43528 1674 13322 53003 553 71533 35536 24530 29682 73812 90837 32342 36215 49023
904 17
53568 37057 96928 16486 86297 31208 44808 90569 24713 28012 1135 64466 7538 97527 62617 71323 26397
5817 10
28098 20292 36261 364 57548 39919 65109 58584 41083 11932
1161 11
35684 41509 57095 24904 83258 31630 17614 6615 47289 45754 50715
273 10
89638 88489 20523 81132 26350 68337 53297 43542 54141 5886
4401 17
8449 96546 2498 10694 66987 55517 176 91057 27963 55061 40054 92631 53624 13369 90009 12535 89240
6886 11
73537 63331 31876 58564 9162 34128 5969 98641 18228 96184 27227
4528 12
61827 22756 20551 80167 40331 50606 85137 48404 37237 33398 38964 49627
3394 13
15939 10310 64967 41598 39436 98924 2863 58482 93786 10938 54203 81118 95135
54 16
13920 42403 1443 81349 97254 25896 52778 16396 50638 66803 24468 84312 30585 72890 49211 67037
2046 11
2182 70810 66633 61705 12494 55057 54706 14743 61720 42330 96894
1226 13
64032 95939 94276 8998 44775 44968 86281 233 96907 46361 75758 22973 77342
7686 11
95753 47658 48300 11214 19251 45587 93910 71511 30873 88158 22079
5542 12
47170 84741 1351 51210 4458 27598 98926 10256 59631 57556 8506 32188
8825 13
94466 46402 73895 92814 27791 15503 66479 18258 58515 92020 84593 59515 42303
9732 19
5122 50564 59657 45457 16150 91031 30621 97694 46395 23745 25547 27469 97489 34279 68587 14832 21619 23923 70399
7889 14
42688 59941 6949 62823 63813 38700 38798 62479 59696 93459 57142 63094 60155 29117
8777 10
22273 82185 8873 40010 8811 40589 83758 87567 79956 29078
2257 10
26567 53545 8041 49709 83071 92596 97877 35380 24086 44184
3902 12
60965 15815 69322 89342 25456 81297 29873 58899 38707 53787 68475 8350
6112 19
54018 86659 95625 93072 27539 61716 47382 1051 87586 31668 13248 21317 78666 40142 96465 95722 57834 6901 71160
5379 14
88736 64738 75619 76487 23465 7914 44426 2764 31790 53520 81143 64056 94105 89115
7219 17
46688 99905 52610 80035 95844 76261 65577 83244 8046 30095 79025 81402 10771 6933 56374 10232 61498
8408 19
4098 13455 47632 23569 9756 46750 5279 23584 82975 27938 40222 35896 37821 69966 16222 31076 63077 3312 22006
6977 16
75975 99975 32393 71114 70124 17293 34286 66128 70449 97203 26326 32183 1942 48057 99006 50143
5948 13
21026 94212 42117 50950 73319 37934 33742 62993 80915 84791 28857 4378 57115
9562 10
90086 24074 17388 78801 6065 43028 66324 54582 82933 73374
731 9
29216 15307 18316 17039 81808 36245 13686 81626 67675
6552 11
19712 36610 29763 85318 15049 48108 77714 24213 98327 28312 5278
1033 10
22592 54274 20678 32089 35336 80585 1227 35570 59925 66969
1382 14
30080 18595 5412 29767 45608 51048 44039 32523 59249 14835 43509 59126 36894 85791
1170 10
95618 85379 6679 12204 98638 64815 46679 2106 2748 88986
1028 10
4225 48004 60552 88525 92049 77170 46773 98360 44539 6622
2929 17
87204 30469 136 27465 21993 43243 35499 46862 44911 27023 38703 70385 54481 38518 58328 91547 81535
1512 10
54592 25467 37252 52779 93422 23022 50707 82870 98363 84574
3437 10
95139 34182 40649 68876 33324 77581 60974 28689 4850 27826
4402 11
4185 31459 47813 15847 59661 12941 92752 94612 77337 28026 56187
7192 14
72769 75172 16452 34150 51806 59563 72459 12267 45138 68889 64314 21787 32542 55295
33 13
16578 34019 68835 52455 65864 14856 79505 37618 69331 21653 67446 30297 92382
5187 12
97698 64840 59038 47628 37357 80334 19920 70961 72432 27444 11230 58399
5934 12
42818 25573 10181 83879 70280 2096 93200 784 61008 20981 43197 83038
3488 13
33760 52642 40038 43815 90475 21612 15889 15548 22876 64792 94169 1852 77277
1764 19
77315 56196 13065 11406 56985 64281 48550 20779 47404 14379 12587 14640 12597 56758 21325 54107 65649 65781 44025
6192 11
24856 96932 75751 81389 92686 5424 92404 10423 71704 19099 62684
142 10
25320 72905 44876 70926 29870 69776 23765 41397 52504 27708
7772 12
77984 39201 15105 6211 36483 57253 74627 84743 28204 50607 13011 17269
2446 14
30018 31139 91203 57737 70857 7088 665 9331 16820 72180 50706 9049 56570 16604
8169 10
91462 74446 16880 63248 98673 9245 32596 8280 52796 45245
577 12
70531 48924 71558 76519 2151 45770 87248 33333 598 40761 78649 15164
4140 11
88449 95396 88837 56996 87720 36041 427 69777 30868 67900 35390
8713 16
34916 5124 28902 10372 30057 23882 43209 72714 16942 80978 1490 42292 79029 61429 34939 67293
5020 12
70976 34753 23908 11335 28296 97385 72364 24078 56306 61717 84053 71679
7807 12
49477 90686 17100 12047 6575 28337 58097 68115 78547 42491 24125 14238
4606 11
78370 59143 93740 20684 93551 57936 40242 34227 24020 45877 44605
5731 11
67876 8135 93771 41295 90736 32915 80820 64788 70772 86939 20255
7585 15
47330 31492 25213 20683 48431 52337 87122 89139 68980 1813 22583 15929 56351 29629 89855
5616 10
9568 11907 94408 63050 83210 48716 75437 5202 81337 40986
446 10
31585 83395 76166 32507 43626 95087 91797 28663 56568 36447
8745 12
6465 42531 35230 96037 30950 13264 56561 71411 51763 12245 96533 79550
8982 16
80064 59681 89082 76643 66278 22153 5325 87726 47826 60915 64244 20310 86490 79323 39197 61247
3173 12
16449 8710 33767 75369 55754 13293 68142 48593 86738 65043 9338 1244
1662 10
76704 45761 27462 81383 4716 10415 66289 90835 70970 85183
5730 15
17026 37474 63395 21283 5509 67271 69449 97162 51948 99539 34036 91283 7350 97370 15805
475 10
69472 63790 81136 81234 83891 1752 33019 56380 45085 98303
6915 11
94434 71522 36036 29988 74797 85197 85422 65488 39955 42644 5398
4388 17
65184 5537 12450 59041 34052 46182 82696 50184 84944 1073 34992 91380 57524 66454 81015 36024 12154
5121 12
54368 50113 61370 75182 53422 54993 73778 35894 73338 34109 45662 87583
2904 10
19713 91335 42921 55723 94923 43181 27446 54135 60058 31835
7823 12
71873 13575 45769 12201 36717 54319 22647 61273 16731 1341 50974 81343
8155 16
71329 84350 98595 59108 43034 49227 61422 65455 5423 36210 10710 44439 11512 92154 80827 53310
5065 18
40458 75917 63892 3096 28703 20130 62380 99758 71471 311 28614 71880 69453 77520 89812 6870 99038 9950
7824 11
672 17153 91366 37480 69898 88331 32687 75796 65558 14521 96445
6739 10
22177 32677 54695 56487 60521 50698 78605 12013 49017 32314
1265 14
12384 43649 74434 24675 15495 72999 6345 86827 62157 16146 63830 40536 19613 23903
2067 13
21784 57604 16774 99814 52006 40456 87948 51058 26835 24406 4824 12442 604
2134 13
54560 17122 23236 90345 107 42287 1905 43923 40822 30167 47446 7037 30015
5452 13
63457 7809 44291 21091 38018 89762 28999 52681 93339 9069 47732 49275 29
1175 13
89601 67140 68069 4104 95435 96909 85746 12405 27734 63127 20888 25017 1884
545 14
64705 93027 92644 17348 17382 38565 51933 17705 20104 42165 88597 2617 189 99679
2995 18
74081 5441 21413 9318 18246 52134 5274 43436 30414 34544 63121 52146 57138 84242 19577 30202 19261 1247
8032 12
25312 88133 17446 94888 88138 59915 6254 76462 4430 88055 11547 37631
9561 16
84354 12997 84165 68202 30124 79246 75539 18515 73363 46612 1847 82360 68025 54970 23252 88051
714 16
5858 90886 84137 30217 6987 54764 74221 84719 48880 88017 41524 22293 65944 73018 96317 73695
2666 17
4386 33667 60452 29143 55114 86730 18220 26796 25484 78768 88819 24085 95190 76598 77976 15898 53405
4554 12
81379 67940 56870 35882 8078 92111 6415 67029 44023 64665 16029 77214
4193 12
51587 16068 82470 58278 97482 52011 99564 29869 34675 8596 49397 24403
259 13
37857 39331 30951 71112 71756 27854 38223 92725 55766 53593 20666 42683 55838
8444 14
37536 32100 13254 65096 93608 19339 67916 3117 82926 68689 4627 29015 91193 85755
6054 9
61539 63110 56202 58795 69265 4114 52082 15284 19734
2402 11
2946 56326 92810 22988 27663 17679 47570 12370 32211 35838 26911
6479 13
47681 83453 6019 63651 24712 46801 98963 7253 59414 44757 2138 73533 85599
4452 10
77409 482 20517 66089 4171 46892 59825 89431 33435 23551
5272 17
37152 14946 44610 83652 18631 8396 79790 37519 26000 49264 50995 6228 54677 38740 82744 52185 37339
1760 10
82880 40929 5901 14830 49620 46805 22422 58487 28953 39132
5138 15
79360 48386 10533 39655 20745 96137 2221 8238 60787 56052 91315 58099 50843 8507 57020
5643 12
76672 69190 3369 4105 93803 58078 49246 49365 12185 46778 58268 88190
6279 12
82114 66056 75817 36812 8430 77297 10065 33106 11636 45142 76278 46456
8178 10
45833 50605 40436 53621 40020 50677 81080 9401 96730 4923
5342 12
19776 37346 6178 55204 95655 45242 24588 66480 48339 87158 31034 24510
3493 12
68032 79389 23106 49994 48878 55921 63409 74805 83639 65913 71261 95775
8700 14
83872 2977 50946 30338 34105 51660 17330 78132 70741 52950 49528 11097 57884 72894
5403 13
91840 96194 35235 57799 6510 15278 15504 51696 21780 42005 27414 5304 7098
2469 10
67973 27590 9735 60170 44522 1645 87022 57522 87765 97430
4999 16
59392 6085 72422 41032 3529 86410 6507 25132 71981 95600 77972 97846 27062 84856 81339 63292
9536 15
2979 40451 80553 96880 47966 98834 43091 78845 96470 23190 7833 86746 38237 7034 9114
9736 11
50465 26211 86185 25865 35923 46358 60246 88283 93180 15325 19710
6606 16
32002 40103 89288 63240 83662 40239 53170 47923 40500 1236 28087 5144 4697 92191 27485 55231
3340 17
96673 46621 31484 34884 33191 77225 76201 89643 37866 8177 1489 66710 45755 23964 7453 64382 54815
2791 13
45527 74206 19717 35754 237 79406 17202 17394 59542 94423 9113 90458 3902
9784 12
13793 67463 78920 19016 96746 87305 38253 43056 55441 66459 65309 18143
2144 11
7776 39234 36485 65933 83373 59023 62673 40437 8888 37470 2623
5589 14
59009 32515 59911 30920 28172 16716 7436 18607 41680 99825 93461 63705 68026 8447
9450 12
26656 15265 4898 7204 87559 24297 65268 94101 34613 54552 56124 26143
3188 14
26048 27399 75976 25992 73674 9066 748 75720 7598 84462 31088 21458 56565 75066
8752 12
18688 10853 74119 46121 36906 5069 84047 61233 4084 41467 74557 11806
4343 10
51840 63682 98499 98181 6854 27144 2801 7638 30423 14267
4157 14
97986 47907 39684 22244 35334 86438 63177 59883 70284 17168 67793 69208 68094 28831
2829 19
82823 96141 27028 56084 60182 13207 85013 85274 77091 74154 91436 8252 97725 9546 52043 85080 41562 97508 91369
1820 12
22788 15017 46827 38829 71534 31953 78487 4600 99481 57435 6588 56607
6636 15
95361 71874 60066 47875 997 97223 34089 54092 5454 75695 47982 42641 32592 1816 88953
5405 10
30086 59687 77257 2510 18415 29074 69271 58490 23004 52991
7197 19
85002 70548 57881 45087 35493 23852 32052 9789 50884 17486 40527 60373 33752 47711 57825 37221 22905 79354 29183
419 15
38240 4736 1346 18565 65285 60744 83146 99886 49040 36273 79506 82453 50235 38525 17054
9750 11
47073 27809 22723 34273 51877 39815 86260 29588 90874 36219 21662
2631 20
91910 30747 95646 53154 46628 92325 98470 72613 28844 63405 49839 65968 27196 86463 11334 48846 41551 39248 72913 51443
6862 14
32800 449 33443 64518 11590 96425 19722 711 82425 10141 82992 58296 59929 61373
3138 14
99040 55169 2402 20611 95617 91560 96649 60621 88429 42751 79765 24757 61790 87007
3126 14
45856 80516 78439 29032 77864 1899 75788 91310 65807 4943 42096 45234 66138 44698
5545 10
78978 44168 50728 40587 73872 1458 96531 90134 79351 53786
4457 14
52833 72866 29127 89928 43625 10762 74825 13166 90672 48851 89588 39188 87383 29944
1478 20
70272 11030 16541 94114 29736 94760 44076 95287 56764 99281 40915 31959 88154 16091 3165 29280 89956 21990 59763 81910
5057 17
52320 92737 56288 35107 69573 37004 56493 54671 26128 20724 30101 27927 10394 37723 91836 98302 51615
193 16
62625 82723 1573 33768 39433 24075 33772 5101 52786 14292 96349 23224 15259 9885 77694 98527
2209 10
56871 77543 45002 3569 83570 14898 62326 66713 56155 34527
5265 10
69990 78472 48776 28968 62576 23263 89175 68284 87710 77151
8749 14
7714 53059 13284 48870 17543 12262 24714 96812 301 65518 61553 10037 2101 62911
5227 12
83714 93187 81167 20469 56598 62742 7672 40790 25082 46717 74622 33407
2202 15
34272 47233 70179 3811 10695 83847 58313 32170 41996 62225 61811 78099 37238 59895 69631
3519 10
40449 2755 27336 85193 76849 67443 95605 38008 2556 3037
1780 12
76771 98342 231 21735 26985 95497 88105 55178 43213 1426 64346 99228
5835 10
93568 93577 30382 6703 89745 24979 73781 67862 78040 48697
2935 19
79361 89879 37916 89387 84668 68413 1992 29005 94414 63695 14544 91478 34906 44126 75105 7784 13418 37879 34047
2476 11
6274 57155 87780 35065 14124 94451 69462 70871 3544 77657 82142
7174 17
6050 25411 66214 519 90732 68974 95982 1840 96144 34610 50194 8150 47798 889 76634 66364 77661
3343 12
98592 40128 16194 51554 66894 21426 98195 91251 55127 73464 28409 88575
6594 13
87680 28837 67175 84968 23273 50315 23659 83086 62447 78452 54261 56405 31640
3361 16
20578 79171 27075 74536 38025 96936 67403 51374 3279 17232 77554 31219 92981 59861 47416 79038
1882 14
79300 56135 87432 35274 94606 1039 31639 8210 70036 46901 7095 48184 40602 1115
966 16
52294 64648 59592 15370 18952 53320 68523 42312 54415 74347 40690 99123 61905 74040 20379 6750
3567 14
65409 91459 9541 69577 27945 28138 74960 22866 50484 50614 88823 45592 39803 73439
1576 13
57088 40993 70786 45379 27624 99402 7599 8049 30901 21622 86007 85661 44415
7929 11
68480 59298 87043 18692 25580 6734 52659 9012 79091 5463 62717
9752 10
55576 97353 7306 51247 43989 5944 27738 27133 19038 3775
1458 12
82976 69893 20711 25034 57706 18413 9039 26866 82004 35673 84185 96190
706 16
15331 21956 33992 20841 2442 10091 9322 1804 2800 10130 96598 28375 27067 68665 13147 90300
9721 11
2693 49319 99848 14542 96239 6866 25780 19384 63097 89404 7679
61 16
26401 22628 26630 99911 17897 91850 91434 30734 270 10448 81777 74641 83635 38128 4280 78493
495 11
63009 35848 12937 62285 35150 98669 78162 37875 91286 5337 14463
7558 16
31456 29185 77763 60484 39203 65987 44963 76618 4395 55276 50669 16721 83924 15352 15771 10365
2609 10
50274 8162 73286 68840 1128 27499 6541 61940 87964 3199
9620 11
50977 65988 17094 5576 13867 78351 12849 65426 21016 33179 88604
8364 16
27425 12066 61859 60410 88838 97319 96410 24009 97865 83689 57450 81998 41327 72560 11546 4091
8004 11
62655 30115 75943 43691 76844 57645 26705 39350 15385 49145 79871
7895 8
98500 8357 46408 89038 58547 92025 93913 44540
2700 10
84961 6407 25033 4844 98285 6160 62129 12918 35481 99999
9824 10
43651 65308 57414 98153 16142 66959 90862 98422 15896 23036
4683 16
93348 49002 79882 49822 88973 35695 4400 16911 21394 48274 24724 62452 30037 71382 41177 97246
4800 10
9921 41980 73807 3727 86257 59510 15895 50681 57019 65980
4833 11
73029 20326 3846 3880 19784 88713 18668 76269 21745 79037 67325
5974 11
84033 38978 75206 27183 49233 64753 21201 98932 99226 71643 81565
1598 17
81280 9729 3331 64519 10902 79514 11831 57788 34493 93254 76495 11607 38745 30557 51557 38763 17390
1561 18
90433 87458 58267 38789 71237 16710 53032 5669 18027 16984 37612 37006 27889 25619 30326 9880 92091 92126
3966 14
69537 51394 23171 54761 49803 939 95149 60619 16019 99125 57430 25622 11189 74493
7511 13
76480 59683 75046 61640 86698 56141 71537 8434 77109 33910 16503 60278 31358
7901 19
57998 18318 51089 88594 88339 2992 83517 72008 29644 80845 29395 26579 46423 10970 57830 58602 83308 99186 16893
8975 15
92961 69346 82501 88997 76905 76395 63980 51053 2706 76019 73332 84051 43384 35642 39516
9524 16
24288 7908 16967 44681 66411 65932 3758 9486 73040 83217 60147 99830 3388 39320 1466 65628
8582 14
31680 78272 56004 26310 36362 36499 95124 73331 60342 49047 83989 41460 90971 91550
1055 15
82915 57989 80197 28720 94770 82162 5300 19411 74646 86678 19891 44346 89499 55998 48511
7541 18
67202 86275 19940 52966 36777 36106 39512 5324 90316 38348 20145 89555 9812 93685 11479 83095 83579 13215
3597 19
30212 43268 95110 10118 59146 40462 11413 26650 90138 44464 82493 73670 37962 15572 76133 90342 55285 84345 12667
4255 20
63616 49819 86820 77860 67242 99761 96564 86205 80831 86341 72649 81866 36939 26711 4701 56287 30433 82795 43634 64636
6538 9
70242 80291 14029 11118 44112 14933 46525 8287 78623
1560 15
11810 54948 48773 15046 8391 56873 12591 58576 9908 61302 23287 41689 61019 70299 8093
3077 10
82176 18497 79813 78346 43951 38512 22929 82678 78358 99417
7411 10
26406 95591 2570 23573 20950 1625 6138 44795 28926 55583
4937 16
17568 40547 8708 33444 82694 679 14118 10949 67566 54222 32368 42958 13013 51326 99772 69022
7478 13
60512 80097 49601 47714 59972 96005 63201 88588 93328 26481 15090 71775 75711
9543 10
61793 16737 52330 44427 16300 66348 2995 79223 82555 33083
7389 18
23459 19237 65733 73191 55750 50251 77292 43180 6141 57523 88532 7893 28797 18996 52922 96539 8061 24479
621 12
12449 26690 60228 97480 43914 71051 43214 42478 70418 34869 44732 78237
4675 12
86055 36137 84202 80042 70252 97422 77775 73490 26293 81589 21239 28410
357 16
56416 9152 33060 61351 68392 25803 92139 10222 44175 29489 80180 65813 93205 19929 13082 41663
