45
198 4
67461 72862 43277 85926
44 8
11301 67337 7177 48493 6481 27027 19798 12732
463 10
72088 3496 55917 51567 16211 4723 77430 9592 84698 69374
541 17
30209 59810 24930 51843 65129 93418 54475 96782 62190 53375 80208 73074 93491 1339 27260 34813 43135
762 19
9091 8710 71309 67087 82838 44445 7198 12704 65447 48424 74542 55343 5687 86598 22616 77147 34911 10739 51709
430 37
59146 53386 76559 97042 16660 45718 75544 68122 94496 92706 27683 93732 90790 74663 29227 10667 85302 1718 25784 76728 55610 31546 44855 33726 89682 41818 57947 58204 13406 9829 47847 76393 1133 2166 61177 85498 30335
13 2
35977 27540
251 27
37376 79361 55044 7812 8838 41598 28428 88204 59666 79127 57243 51614 5023 23460 52782 87226 58172 65343 17499 10209 52965 8936 74475 51955 5878 2938 82046
552 12
43328 37990 25992 26350 94290 47379 95124 9877 64790 55545 49661 19646
2 42
75008 28678 80013 57618 15378 29076 14231 46105 32282 61729 18725 18731 40238 56751 28336 33458 7988 4797 64189 20417 22850 94531 59076 37448 15822 94927 92753 94929 9816 31577 63065 25309 990 47713 20070 4967 3694 81648 91892 73076 21110 80121
990 45
26624 42631 48904 78347 6542 58767 41234 49683 24339 36378 31514 71197 20128 9761 63524 24232 46634 22059 57648 78000 80690 96563 80052 84669 51396 56263 39495 99919 36694 73943 17370 59867 55517 22501 41575 44136 99687 51943 19948 18925 12782 76662 27513 32250 90238
341 126
78848 40966 61447 4105 7179 7692 26655 48171 22573 23600 3639 22584 84023 65594 43070 28734 73279 68165 92745 45129 48722 84051 44119 12380 16991 91236 10858 19563 44657 60032 20099 45193 71308 61071 44689 21654 21145 3737 58013 86685 95907 25253 78504 7337 28840 61612 79023 86710 21177 51393 87751 5833 74441 84171 1748 35543 24792 43737 7386 21734 19692 53996 34033 5364 49397 29940 2310 67848 23306 92431 63250 17687 67863 36129 19750 46889 14633 78635 12091 72513 29000 37193 41301 30553 14686 23903 47458 28003 96614 43371 38255 74611 68469 43382 20347 9595 66431 37249 51588 8588 51085 27539 53654 98711 63895 5531 22436 12710 25010 6067 14780 48060 75715 65482 94158 56784 89563 90078 49126 99303 84457 31210 85489 14836 80379 75772
543 82
78849 14341 41991 36876 43535 92690 53273 12827 10780 96285 44063 67616 69160 31796 89146 15418 78396 65598 39501 86106 13407 98912 22633 15994 49790 55936 26245 86666 91282 94869 22171 74405 4261 38055 29869 86194 80056 25787 71366 74965 96475 68320 19175 39656 92396 1263 20723 79101 89347 76558 11025 49937 18193 67358 64296 32046 81715 76598 7484 41289 64333 29010 55125 27483 10591 31587 95076 6504 88955 71044 97167 18836 42390 50603 61871 62895 96765 85452 14828 28654 38908 73725
146 24
45698 34321 24728 56219 70432 8225 77474 64312 46781 93375 60993 49987 16197 65870 65104 10833 24660 88157 97504 95077 51690 59379 57078 91766
233 74
75648 13953 20353 83716 19845 83721 88461 84370 63762 10642 16149 7574 29566 6552 95770 89884 47390 26491 72359 53928 28073 73002 38056 67116 34989 25262 24361 68014 23855 50994 61363 65203 95929 49723 52542 26943 58815 88769 56514 1602 12612 54594 60486 17990 77384 67783 18886 84936 98639 48463 39377 62034 44501 96984 6489 71385 82651 14044 41182 72800 22883 69606 82027 80620 18159 58864 76529 45297 61684 72822 15738 28283 48126 49919
392 66
22784 49788 93698 21381 93064 48140 93453 45714 58132 60181 33817 21147 20892 39454 54558 31904 41505 96931 34852 68520 87337 29226 92584 59307 13356 24618 62382 93104 21424 43180 84277 27193 16573 80190 14915 38599 13640 94023 12747 21836 3024 2132 91348 47195 94430 64351 60255 45535 42720 9310 32100 46945 63590 10974 74731 94955 74351 19312 25968 8944 82163 40178 97394 78454 13436 14335
15 52
10501 21254 72969 17290 62347 99087 60303 38930 89491 17303 96024 70169 26268 72094 44833 26406 75048 21800 57642 98349 62894 80815 71984 52785 95922 94771 53039 4021 9016 90172 12479 11840 64708 23109 2377 18515 5588 23511 14554 79324 74080 87654 66024 37098 76142 26991 41329 93042 73713 65137 60533 13566
221 21
18439 71305 55582 59295 4511 47015 9653 96568 63931 69314 30788 95958 62039 44632 66391 42072 68448 58210 8930 7527 2939
175 56
49541 27270 76551 57222 88585 30984 19595 8845 65549 57357 18577 10004 16923 86176 10659 932 49955 43305 15915 63789 431 95536 43057 20404 11960 11709 58687 51905 80449 56136 92362 11212 33869 34766 43727 38096 66255 28876 11468 79573 12889 15706 20570 95323 73945 38241 19425 41828 86775 96370 77811 39666 72949 93814 42231 96635
386 14
6016 46755 85219 17512 33385 36458 31085 65711 43600 67088 89204 41109 18421 23902
49 30
98830 9618 31512 51487 57247 75692 93232 41777 50481 89403 75200 76864 64456 48584 89548 5839 65489 13650 85206 27350 26840 27227 73953 31203 4463 79600 30959 46198 89592 6779
70 7
12609 69450 46955 39147 51218 64693 59038
278 32
74880 91264 28802 30594 27908 48776 48655 19858 13948 12331 39290 43132 11697 85937 83635 88379 190 36671 42949 45258 82762 14541 11858 19026 88276 19802 37979 11619 33382 90358 94202 46972
568 98
33281 83973 52745 36874 83977 31756 42510 44559 7701 71193 54298 30237 99373 9262 33843 79412 78394 48706 32835 7757 54350 35409 75346 85079 57944 7774 1638 98414 91246 12911 93810 68724 46199 49275 7294 19073 95876 55430 42121 33423 89754 70813 2728 34475 5804 17579 53934 68783 68272 24245 95414 74937 78011 49341 63681 28878 67285 61147 2802 75002 93949 11520 37130 64267 42766 6420 44310 41246 26911 89382 10023 22824 90409 72491 32556 8491 74028 89901 38201 55613 75069 48960 42308 88904 97610 1866 32086 16727 38232 12639 73568 22882 97125 88934 34149 37738 6511 32627
12 90
28672 14339 61455 59422 65567 10274 45091 8238 53 34877 20543 4160 12352 71746 18501 86086 36935 92235 39015 22637 12401 88178 98421 59516 10368 47234 34953 49299 84128 86185 82094 94384 24754 22712 16569 10428 49340 43202 18645 55510 67804 18652 80094 14563 98532 76008 28904 90346 55531 96492 57586 86258 43257 96508 45311 30975 22790 22798 18702 41231 90385 37143 80151 59674 39194 2348 45358 26929 26934 74040 57660 49468 59710 78145 12610 4418 51522 82252 22861 57700 59751 12647 12653 49524 63863 65911 65915 70011 47496 51593
980 61
46978 58245 15751 46215 43657 57740 95502 32655 17168 9616 53267 92563 18325 10141 12321 58535 77096 52264 82474 26801 75186 36275 48948 11700 65076 29496 40376 45624 84155 16702 94783 50495 45759 4930 10819 71877 71878 9802 14930 77815 99924 91349 2387 17363 29527 58329 1369 98145 8674 13155 34286 887 47728 71793 53617 34031 1399 22395 82812 40701 67967
908 77
83970 78861 22029 99858 23061 37916 82461 58403 51244 24113 19505 2107 86592 20556 96864 92776 49771 29830 50312 36492 82573 72336 77971 84117 73879 1176 26266 91290 54942 48303 72881 51900 75969 73411 56014 17629 25322 21749 8955 16636 84226 76555 21270 77079 6427 37149 91935 44837 44333 18232 25916 37696 43856 43864 81266 2936 97152 91011 51086 82325 94614 24470 23462 9639 75705 64442 96699 31687 42444 69580 89561 39394 95715 7654 68584 64505 53246
766 163
80897 41987 94727 99848 51723 91152 42517 43542 83482 39452 44060 79392 40992 17954 75811 5669 66599 93740 16429 56880 74290 64562 5684 45623 48697 54843 63549 88128 95298 91210 49738 17996 41547 77390 55886 79952 13909 49751 29791 85601 79972 67173 80999 18024 52328 60519 44140 32877 13423 29296 86128 112 6262 61054 85118 12929 55938 38391 13442 54917 68741 77959 11403 97422 16015 77966 99473 47250 16532 25748 30359 79512 74392 98970 86167 27297 73890 45221 94891 54965 51895 73399 5817 63677 29885 63679 90301 80068 71879 13516 20685 99534 50382 77010 81106 24788 36565 24278 10455 66777 64731 64219 79581 11485 88799 81631 32477 35551 55518 44778 12525 17645 11504 61680 72437 66293 41210 20730 67325 13053 81663 30976 11519 61699 97029 62725 16647 38663 81673 99082 47890 76055 82714 86303 54559 53023 86819 43813 35111 42794 67884 79661 80174 2351 1328 58670 38707 33588 55102 13631 42817 99138 43852 99662 91985 32596 3927 26969 9565 7518 41821 8546 87394
595 85
4097 82947 53774 75796 81941 95259 33320 14381 52270 81981 58946 67658 53332 20054 15449 87655 23656 28288 46209 87682 77955 76429 14502 12966 83624 20137 35513 93378 11463 27858 27870 31969 21732 31462 79080 12009 78573 76528 12024 27390 54532 67847 20235 30988 15117 71947 41229 37648 38177 25378 33576 74538 64831 31554 14680 70489 56164 41320 53101 83310 27503 45935 71031 17275 31613 87934 56201 43921 47506 6037 77214 88482 30121 69553 971 4061 47594 45036 76269 19437 65518 28662 93688 66043 83454
566 145
27138 2562 40963 31234 86022 21511 89095 48137 10252 94733 16914 34835 80915 44570 19485 65566 82463 93222 68134 58922 10795 76846 80431 17968 93751 49209 6201 58 23102 30784 62017 46658 92224 14401 26692 48711 85576 90698 88139 87115 62033 64084 71764 58455 86104 31833 24154 37463 53337 94815 14435 39523 52841 10859 25196 51309 55920 68212 32884 52344 14459 81532 8829 31871 75390 83077 82565 28807 2696 3721 34962 55955 97940 86163 32918 93334 74904 91797 55965 6814 10914 39586 70821 4776 26796 4269 21166 25775 87725 67760 36530 14515 34484 61622 23224 7865 59066 50364 65214 8392 90315 59085 91343 83153 60113 32469 97495 70364 5854 99039 79072 26337 14046 89825 92906 13036 13037 43760 55025 67314 88308 94965 30456 67835 89339 56063 17664 13058 57091 99075 17155 42756 63239 47370 17162 36108 71949 17678 89359 71953 60690 54034 13588 11029 14613
507 68
17927 34313 26640 1043 45077 60441 11290 69658 24609 66082 12323 20521 57392 42545 62009 14917 20040 12877 56398 16464 83537 57426 8273 65108 35925 88 79962 80991 83552 33891 79466 57456 94834 41075 49267 58489 29307 53384 18570 60044 2189 17550 2191 46741 54422 15519 63138 90283 70326 55997 85696 96963 87240 9929 89802 56011 35034 6874 51425 69353 41197 94960 58098 41466 87801 40193 56579 25864
316 135
71680 88578 96259 15368 20489 38922 66571 47637 66072 40476 3612 56351 73761 33313 39973 58413 7726 93231 53297 73265 94774 1591 34360 45114 10299 93756 68092 51259 18495 92734 9794 70723 55874 87109 98893 2640 70737 94807 2137 83034 71260 95325 52317 2659 44132 77926 85097 96874 3179 40043 11376 16497 26226 21621 41591 19065 19578 79996 52354 86660 74885 66694 65157 26255 32913 42129 71317 47767 93847 65175 76449 11938 47273 48810 45738 18096 24752 44721 62644 89781 91318 49335 77494 88757 61631 77505 80578 26310 52935 27335 32457 84170 38603 90317 32462 41167 74448 31953 81105 72918 61658 56026 56828 59102 43744 55014 84200 59112 50413 55024 54001 89330 55032 32506 20218 72445 8446 37633 7426 77059 20740 21251 38150 87306 76044 50445 37133 5903 84755 33556 77078 54039 28442 76573 32542
824 63
26630 61452 40979 81939 45081 96297 57388 34863 90162 34866 92216 38973 63550 73791 71748 47176 36939 90188 14411 49230 59471 2127 26701 88152 82014 97 8302 65655 61562 4223 63617 32901 18565 57481 26764 43156 45207 43165 63646 67751 45224 96423 73901 24750 26799 30897 92348 45245 6336 47297 10436 45256 80074 47308 61644 65742 98509 47317 71904 96484 30952 76010 51439
31 121
77824 3073 9216 94723 90116 96263 83448 55306 63499 13326 73230 35343 45582 71698 17427 54291 99349 89622 91671 2072 38425 51736 15387 49181 78880 12832 60450 57379 7206 9258 98858 29740 12333 32304 80432 45106 12338 11319 98359 98364 25149 44094 14914 86083 50247 69703 23624 73290 13387 51788 79949 99912 58445 88653 14929 9291 80979 37972 66133 28241 8279 18008 93273 14938 70748 57437 77412 33381 15462 23144 34411 11884 46196 57461 19061 88695 9338 61564 20095 67201 81539 36995 41605 60550 22150 64648 1673 93830 98443 35468 91281 98968 45720 667 68764 88733 66204 95392 64162 76962 24739 6819 24743 12968 12457 28842 24234 5300 74420 70837 97463 23736 72377 76474 4283 66236 9916 98493 98496 20673 68293
127 105
94208 30723 67596 65551 18450 67602 24604 34845 16414 92192 69669 38952 18475 12334 67631 59439 92209 26674 16435 45116 86077 75844 8262 71760 90194 45139 51287 96353 86120 53355 20600 34938 32905 41100 26769 55441 73875 146 96407 20633 92322 59556 92325 90279 73913 86201 24766 84162 67779 43204 12485 57544 12489 86217 82125 12500 88279 41181 4318 75999 26849 35053 18674 51461 35079 49427 45340 4381 98589 39198 80160 28970 67887 76083 47424 78144 82253 334 4432 51537 90450 337 98645 69975 31075 37223 88423 69996 51581 59773 22911 20870 53665 55718 57771 39347 76223 74177 43457 72133 10697 29133 22991 20954 20962
406 18
43520 71181 15264 83364 54313 38572 95533 22702 5175 32315 97729 80456 76263 7785 11373 33777 39409 84733
446 73
16893 88068 54789 17419 25099 75278 58894 74770 70162 63509 78870 89623 90136 55830 32790 84508 99357 68644 38954 96298 6698 17966 43055 79409 19509 73782 94775 77878 20030 83007 68673 30277 88644 23114 69194 80978 41555 13396 63571 599 19547 87136 12900 87147 82031 44145 30332 92284 42624 61569 25224 40072 16010 35979 17548 85641 34963 75926 72855 95385 71834 75931 50844 56986 28831 34464 33442 14501 69798 68268 18606 85682 75956
409 69
79881 57367 81949 36917 41014 43082 32844 77904 47187 32856 69730 59498 82029 39022 2162 61561 88188 67714 30851 51334 86152 67726 32930 67752 20668 12477 45247 32963 55493 69833 96458 67787 49363 61656 22768 53489 51444 78068 59640 73984 4372 55574 92444 12588 71982 28988 45372 76095 4416 41285 74057 26953 16721 29017 18778 10597 8572 92558 88463 41360 90512 98713 47527 429 430 98740 88533 23010 14823
743 33
26369 50819 20869 50310 53126 73224 28043 95756 2957 84366 69646 46989 48654 88851 44951 66327 74906 97441 17442 77859 94884 63269 43687 68651 46508 59821 20910 34735 48816 48564 14773 58938 22843
375 31
41475 63493 84485 9736 3593 92169 73740 5640 62479 73745 33299 72212 35349 39958 52759 67097 63002 5148 90652 41511 51754 82476 71728 10802 35890 27190 8759 26166 42041 85050 36412
795 31
67588 69637 65545 22550 88090 90144 2042 38951 18479 2100 24628 8276 14436 28774 94311 90220 98417 90233 79994 86166 26789 61619 18620 80062 20700 37088 65765 8423 88302 6387 61691
628 24
98692 90249 61834 86412 20111 2077 75296 84904 11306 76074 26672 62512 21435 195 46407 39111 41304 7421 28769 5476 41450 36084 71292 24701
947 16
49411 81284 28423 24972 13839 73754 73509 34602 15019 11564 8117 49718 80836 82256 74577 1361
961 8
6145 10765 82447 88591 33811 94742 2599 3116
261 7
12291 65029 16904 62988 47119 25106 69652
